420656.0 4512958.0 0.00000000 0.00000000
421156.0 4512958.0 0.00000000 0.00000000
421656.0 4512958.0 0.00000000 0.00000000
422156.0 4512958.0 0.00000000 0.00000000
422656.0 4512958.0 0.00000000 0.00000000
423156.0 4512958.0 0.00054115 0.00000000
423656.0 4512958.0 0.00063592 0.00000000
424156.0 4512958.0 0.00064828 0.00000000
424656.0 4512958.0 0.00062905 0.00000000
425156.0 4512958.0 0.00061806 0.00000000
425656.0 4512958.0 0.00066339 0.00000000
426156.0 4512958.0 0.00083232 0.00000000
426656.0 4512958.0 0.00111938 0.00000000
427156.0 4512958.0 0.00118942 0.00000000
427656.0 4512958.0 0.00080760 0.00000000
428156.0 4512958.0 0.00000000 0.00000000
428656.0 4512958.0 0.00000000 0.00000000
429156.0 4512958.0 0.00000000 0.00000000
429656.0 4512958.0 0.00000000 0.00000000
430156.0 4512958.0 0.00000000 0.00000000
430656.0 4512958.0 0.00000000 0.00000000
431156.0 4512958.0 0.00000000 0.00000000
431656.0 4512958.0 0.00000000 0.00000000
432156.0 4512958.0 0.00000000 0.00000000
432656.0 4512958.0 0.00000000 0.00000000
433156.0 4512958.0 0.00000000 0.00000000
433656.0 4512958.0 0.00000000 0.00000000
434156.0 4512958.0 0.00000000 0.00000000
420656.0 4513458.0 0.00000000 0.00000000
421156.0 4513458.0 0.00000000 0.00000000
421656.0 4513458.0 0.00000000 0.00000000
422156.0 4513458.0 0.00000000 0.00000000
422656.0 4513458.0 0.00055488 0.00000000
423156.0 4513458.0 0.00081035 0.00000000
423656.0 4513458.0 0.00083095 0.00000000
424156.0 4513458.0 0.00078837 0.00000000
424656.0 4513458.0 0.00070596 0.00000000
425156.0 4513458.0 0.00066888 0.00000000
425656.0 4513458.0 0.00077738 0.00000000
426156.0 4513458.0 0.00103148 0.00000000
426656.0 4513458.0 0.00129930 0.00000000
427156.0 4513458.0 0.00126909 0.00000000
427656.0 4513458.0 0.00089138 0.00000000
428156.0 4513458.0 0.00055351 0.00000000
428656.0 4513458.0 0.00000000 0.00000000
429156.0 4513458.0 0.00000000 0.00000000
429656.0 4513458.0 0.00000000 0.00000000
430156.0 4513458.0 0.00000000 0.00000000
430656.0 4513458.0 0.00000000 0.00000000
431156.0 4513458.0 0.00000000 0.00000000
431656.0 4513458.0 0.00000000 0.00000000
432156.0 4513458.0 0.00000000 0.00000000
432656.0 4513458.0 0.00000000 0.00000000
433156.0 4513458.0 0.00000000 0.00000000
433656.0 4513458.0 0.00000000 0.00000000
434156.0 4513458.0 0.00000000 0.00000000
420656.0 4513958.0 0.00000000 0.00000000
421156.0 4513958.0 0.00000000 0.00000000
421656.0 4513958.0 0.00000000 0.00000000
422156.0 4513958.0 0.00000000 0.00000000
422656.0 4513958.0 0.00109740 0.00000000
423156.0 4513958.0 0.00144214 0.00000000
423656.0 4513958.0 0.00125535 0.00000000
424156.0 4513958.0 0.00104384 0.00000000
424656.0 4513958.0 0.00085705 0.00000000
425156.0 4513958.0 0.00081035 0.00000000
425656.0 4513958.0 0.00100126 0.00000000
426156.0 4513958.0 0.00123887 0.00000000
426656.0 4513958.0 0.00133227 0.00000000
427156.0 4513958.0 0.00121140 0.00000000
427656.0 4513958.0 0.00099577 0.00000000
428156.0 4513958.0 0.00095456 0.00000000
428656.0 4513958.0 0.00092847 0.00000000
429156.0 4513958.0 0.00000000 0.00000000
429656.0 4513958.0 0.00000000 0.00000000
430156.0 4513958.0 0.00000000 0.00000000
430656.0 4513958.0 0.00000000 0.00000000
431156.0 4513958.0 0.00000000 0.00000000
431656.0 4513958.0 0.00000000 0.00000000
432156.0 4513958.0 0.00000000 0.00000000
432656.0 4513958.0 0.00000000 0.00000000
433156.0 4513958.0 0.00000000 0.00000000
433656.0 4513958.0 0.00000000 0.00000000
434156.0 4513958.0 0.00000000 0.00000000
420656.0 4514458.0 0.00000000 0.00000000
421156.0 4514458.0 0.00000000 0.00000000
421656.0 4514458.0 0.00000000 0.00000000
422156.0 4514458.0 0.00084056 0.00000000
422656.0 4514458.0 0.00177178 0.00000000
423156.0 4514458.0 0.00215635 0.00000000
423656.0 4514458.0 0.00167563 0.00000000
424156.0 4514458.0 0.00126085 0.00000000
424656.0 4514458.0 0.00105070 0.00000000
425156.0 4514458.0 0.00105482 0.00000000
425656.0 4514458.0 0.00121964 0.00000000
426156.0 4514458.0 0.00124848 0.00000000
426656.0 4514458.0 0.00113311 0.00000000
427156.0 4514458.0 0.00106444 0.00000000
427656.0 4514458.0 0.00116745 0.00000000
428156.0 4514458.0 0.00146961 0.00000000
428656.0 4514458.0 0.00163443 0.00000000
429156.0 4514458.0 0.00124574 0.00000000
429656.0 4514458.0 0.00000000 0.00000000
430156.0 4514458.0 0.00000000 0.00000000
430656.0 4514458.0 0.00000000 0.00000000
431156.0 4514458.0 0.00000000 0.00000000
431656.0 4514458.0 0.00000000 0.00000000
432156.0 4514458.0 0.00000000 0.00000000
432656.0 4514458.0 0.00000000 0.00000000
433156.0 4514458.0 0.00000000 0.00000000
433656.0 4514458.0 0.00000000 0.00000000
434156.0 4514458.0 0.00000000 0.00000000
420656.0 4514958.0 0.00000000 0.00000000
421156.0 4514958.0 0.00000000 0.00000000
421656.0 4514958.0 0.00000000 0.00000000
422156.0 4514958.0 0.00112212 0.00000000
422656.0 4514958.0 0.00217008 0.00000000
423156.0 4514958.0 0.00243104 0.00000000
423656.0 4514958.0 0.00179925 0.00000000
424156.0 4514958.0 0.00140094 0.00000000
424656.0 4514958.0 0.00128282 0.00000000
425156.0 4514958.0 0.00127870 0.00000000
425656.0 4514958.0 0.00125535 0.00000000
426156.0 4514958.0 0.00113723 0.00000000
426656.0 4514958.0 0.00107955 0.00000000
427156.0 4514958.0 0.00117432 0.00000000
427656.0 4514958.0 0.00141467 0.00000000
428156.0 4514958.0 0.00168937 0.00000000
428656.0 4514958.0 0.00181298 0.00000000
429156.0 4514958.0 0.00151082 0.00000000
429656.0 4514958.0 0.00082683 0.00000000
430156.0 4514958.0 0.00000000 0.00000000
430656.0 4514958.0 0.00000000 0.00000000
431156.0 4514958.0 0.00000000 0.00000000
431656.0 4514958.0 0.00000000 0.00000000
432156.0 4514958.0 0.00000000 0.00000000
432656.0 4514958.0 0.00000000 0.00000000
433156.0 4514958.0 0.00000000 0.00000000
433656.0 4514958.0 0.00000000 0.00000000
434156.0 4514958.0 0.00000000 0.00000000
420656.0 4515458.0 0.00000000 0.00000000
421156.0 4515458.0 0.00000000 0.00000000
421656.0 4515458.0 0.00051917 0.00000000
422156.0 4515458.0 0.00130754 0.00000000
422656.0 4515458.0 0.00227996 0.00000000
423156.0 4515458.0 0.00237610 0.00000000
423656.0 4515458.0 0.00174431 0.00000000
424156.0 4515458.0 0.00148335 0.00000000
424656.0 4515458.0 0.00144214 0.00000000
425156.0 4515458.0 0.00132402 0.00000000
425656.0 4515458.0 0.00117844 0.00000000
426156.0 4515458.0 0.00118256 0.00000000
426656.0 4515458.0 0.00133776 0.00000000
427156.0 4515458.0 0.00148335 0.00000000
427656.0 4515458.0 0.00156576 0.00000000
428156.0 4515458.0 0.00160696 0.00000000
428656.0 4515458.0 0.00170310 0.00000000
429156.0 4515458.0 0.00170310 0.00000000
429656.0 4515458.0 0.00124024 0.00000000
430156.0 4515458.0 0.00000000 0.00000000
430656.0 4515458.0 0.00000000 0.00000000
431156.0 4515458.0 0.00000000 0.00000000
431656.0 4515458.0 0.00000000 0.00000000
432156.0 4515458.0 0.00000000 0.00000000
432656.0 4515458.0 0.00000000 0.00000000
433156.0 4515458.0 0.00000000 0.00000000
433656.0 4515458.0 0.00000000 0.00000000
434156.0 4515458.0 0.00000000 0.00000000
420656.0 4515958.0 0.00000000 0.00000000
421156.0 4515958.0 0.00000000 0.00000000
421656.0 4515958.0 0.00068261 0.00000000
422156.0 4515958.0 0.00140094 0.00000000
422656.0 4515958.0 0.00219755 0.00000000
423156.0 4515958.0 0.00212888 0.00000000
423656.0 4515958.0 0.00163443 0.00000000
424156.0 4515958.0 0.00149708 0.00000000
424656.0 4515958.0 0.00144214 0.00000000
425156.0 4515958.0 0.00131304 0.00000000
425656.0 4515958.0 0.00126771 0.00000000
426156.0 4515958.0 0.00141467 0.00000000
426656.0 4515958.0 0.00159322 0.00000000
427156.0 4515958.0 0.00162069 0.00000000
427656.0 4515958.0 0.00152455 0.00000000
428156.0 4515958.0 0.00148335 0.00000000
428656.0 4515958.0 0.00177178 0.00000000
429156.0 4515958.0 0.00217008 0.00000000
429656.0 4515958.0 0.00188165 0.00000000
430156.0 4515958.0 0.00095044 0.00000000
430656.0 4515958.0 0.00000000 0.00000000
431156.0 4515958.0 0.00000000 0.00000000
431656.0 4515958.0 0.00000000 0.00000000
432156.0 4515958.0 0.00000000 0.00000000
432656.0 4515958.0 0.00000000 0.00000000
433156.0 4515958.0 0.00000000 0.00000000
433656.0 4515958.0 0.00000000 0.00000000
434156.0 4515958.0 0.00000000 0.00000000
420656.0 4516458.0 0.00000000 0.00000000
421156.0 4516458.0 0.00071146 0.00000000
421656.0 4516458.0 0.00105895 0.00000000
422156.0 4516458.0 0.00156576 0.00000000
422656.0 4516458.0 0.00200527 0.00000000
423156.0 4516458.0 0.00185418 0.00000000
423656.0 4516458.0 0.00155202 0.00000000
424156.0 4516458.0 0.00144214 0.00000000
424656.0 4516458.0 0.00142841 0.00000000
425156.0 4516458.0 0.00146961 0.00000000
425656.0 4516458.0 0.00153829 0.00000000
426156.0 4516458.0 0.00160696 0.00000000
426656.0 4516458.0 0.00162069 0.00000000
427156.0 4516458.0 0.00159322 0.00000000
427656.0 4516458.0 0.00152455 0.00000000
428156.0 4516458.0 0.00157949 0.00000000
428656.0 4516458.0 0.00197780 0.00000000
429156.0 4516458.0 0.00238984 0.00000000
429656.0 4516458.0 0.00203274 0.00000000
430156.0 4516458.0 0.00107680 0.00000000
430656.0 4516458.0 0.00000000 0.00000000
431156.0 4516458.0 0.00000000 0.00000000
431656.0 4516458.0 0.00000000 0.00000000
432156.0 4516458.0 0.00000000 0.00000000
432656.0 4516458.0 0.00000000 0.00000000
433156.0 4516458.0 0.00000000 0.00000000
433656.0 4516458.0 0.00000000 0.00000000
434156.0 4516458.0 0.00000000 0.00000000
420656.0 4516958.0 0.00000000 0.00000000
421156.0 4516958.0 0.00140094 0.00000000
421656.0 4516958.0 0.00179925 0.00000000
422156.0 4516958.0 0.00201900 0.00000000
422656.0 4516958.0 0.00199153 0.00000000
423156.0 4516958.0 0.00173057 0.00000000
423656.0 4516958.0 0.00149708 0.00000000
424156.0 4516958.0 0.00144214 0.00000000
424656.0 4516958.0 0.00153829 0.00000000
425156.0 4516958.0 0.00166190 0.00000000
425656.0 4516958.0 0.00171684 0.00000000
426156.0 4516958.0 0.00166190 0.00000000
426656.0 4516958.0 0.00159322 0.00000000
427156.0 4516958.0 0.00162069 0.00000000
427656.0 4516958.0 0.00164816 0.00000000
428156.0 4516958.0 0.00173057 0.00000000
428656.0 4516958.0 0.00192286 0.00000000
429156.0 4516958.0 0.00197780 0.00000000
429656.0 4516958.0 0.00153829 0.00000000
430156.0 4516958.0 0.00090237 0.00000000
430656.0 4516958.0 0.00054801 0.00000000
431156.0 4516958.0 0.00039281 0.00000000
431656.0 4516958.0 0.00000000 0.00000000
432156.0 4516958.0 0.00000000 0.00000000
432656.0 4516958.0 0.00000000 0.00000000
433156.0 4516958.0 0.00000000 0.00000000
433656.0 4516958.0 0.00000000 0.00000000
434156.0 4516958.0 0.00000000 0.00000000
420656.0 4517458.0 0.00186792 0.00000000
421156.0 4517458.0 0.00215635 0.00000000
421656.0 4517458.0 0.00256839 0.00000000
422156.0 4517458.0 0.00259586 0.00000000
422656.0 4517458.0 0.00215635 0.00000000
423156.0 4517458.0 0.00174431 0.00000000
423656.0 4517458.0 0.00153829 0.00000000
424156.0 4517458.0 0.00155202 0.00000000
424656.0 4517458.0 0.00168937 0.00000000
425156.0 4517458.0 0.00177178 0.00000000
425656.0 4517458.0 0.00178551 0.00000000
426156.0 4517458.0 0.00174431 0.00000000
426656.0 4517458.0 0.00168937 0.00000000
427156.0 4517458.0 0.00173057 0.00000000
427656.0 4517458.0 0.00177178 0.00000000
428156.0 4517458.0 0.00179925 0.00000000
428656.0 4517458.0 0.00181298 0.00000000
429156.0 4517458.0 0.00164816 0.00000000
429656.0 4517458.0 0.00124986 0.00000000
430156.0 4517458.0 0.00089825 0.00000000
430656.0 4517458.0 0.00080897 0.00000000
431156.0 4517458.0 0.00076777 0.00000000
431656.0 4517458.0 0.00055076 0.00000000
432156.0 4517458.0 0.00000000 0.00000000
432656.0 4517458.0 0.00000000 0.00000000
433156.0 4517458.0 0.00000000 0.00000000
433656.0 4517458.0 0.00000000 0.00000000
434156.0 4517458.0 0.00000000 0.00000000
420656.0 4517958.0 0.00251345 0.00000000
421156.0 4517958.0 0.00259586 0.00000000
421656.0 4517958.0 0.00295296 0.00000000
422156.0 4517958.0 0.00289802 0.00000000
422656.0 4517958.0 0.00229369 0.00000000
423156.0 4517958.0 0.00182671 0.00000000
423656.0 4517958.0 0.00168937 0.00000000
424156.0 4517958.0 0.00171684 0.00000000
424656.0 4517958.0 0.00178551 0.00000000
425156.0 4517958.0 0.00182671 0.00000000
425656.0 4517958.0 0.00186792 0.00000000
426156.0 4517958.0 0.00185418 0.00000000
426656.0 4517958.0 0.00182671 0.00000000
427156.0 4517958.0 0.00182671 0.00000000
427656.0 4517958.0 0.00188165 0.00000000
428156.0 4517958.0 0.00189539 0.00000000
428656.0 4517958.0 0.00186792 0.00000000
429156.0 4517958.0 0.00171684 0.00000000
429656.0 4517958.0 0.00145588 0.00000000
430156.0 4517958.0 0.00131853 0.00000000
430656.0 4517958.0 0.00145588 0.00000000
431156.0 4517958.0 0.00148335 0.00000000
431656.0 4517958.0 0.00112487 0.00000000
432156.0 4517958.0 0.00065789 0.00000000
432656.0 4517958.0 0.00000000 0.00000000
433156.0 4517958.0 0.00000000 0.00000000
433656.0 4517958.0 0.00000000 0.00000000
434156.0 4517958.0 0.00000000 0.00000000
420656.0 4518458.0 0.00241731 0.00000000
421156.0 4518458.0 0.00258212 0.00000000
421656.0 4518458.0 0.00300790 0.00000000
422156.0 4518458.0 0.00296669 0.00000000
422656.0 4518458.0 0.00233490 0.00000000
423156.0 4518458.0 0.00189539 0.00000000
423656.0 4518458.0 0.00178551 0.00000000
424156.0 4518458.0 0.00179925 0.00000000
424656.0 4518458.0 0.00184045 0.00000000
425156.0 4518458.0 0.00196406 0.00000000
425656.0 4518458.0 0.00215635 0.00000000
426156.0 4518458.0 0.00215635 0.00000000
426656.0 4518458.0 0.00200527 0.00000000
427156.0 4518458.0 0.00204647 0.00000000
427656.0 4518458.0 0.00225249 0.00000000
428156.0 4518458.0 0.00232116 0.00000000
428656.0 4518458.0 0.00219755 0.00000000
429156.0 4518458.0 0.00195033 0.00000000
429656.0 4518458.0 0.00178551 0.00000000
430156.0 4518458.0 0.00190912 0.00000000
430656.0 4518458.0 0.00227996 0.00000000
431156.0 4518458.0 0.00229369 0.00000000
431656.0 4518458.0 0.00175804 0.00000000
432156.0 4518458.0 0.00110015 0.00000000
432656.0 4518458.0 0.00000000 0.00000000
433156.0 4518458.0 0.00000000 0.00000000
433656.0 4518458.0 0.00000000 0.00000000
434156.0 4518458.0 0.00000000 0.00000000
420656.0 4518958.0 0.00182671 0.00000000
421156.0 4518958.0 0.00234863 0.00000000
421656.0 4518958.0 0.00298043 0.00000000
422156.0 4518958.0 0.00296669 0.00000000
422656.0 4518958.0 0.00234863 0.00000000
423156.0 4518958.0 0.00192286 0.00000000
423656.0 4518958.0 0.00181298 0.00000000
424156.0 4518958.0 0.00181298 0.00000000
424656.0 4518958.0 0.00188165 0.00000000
425156.0 4518958.0 0.00215635 0.00000000
425656.0 4518958.0 0.00255465 0.00000000
426156.0 4518958.0 0.00256839 0.00000000
426656.0 4518958.0 0.00230743 0.00000000
427156.0 4518958.0 0.00249972 0.00000000
427656.0 4518958.0 0.00300790 0.00000000
428156.0 4518958.0 0.00310404 0.00000000
428656.0 4518958.0 0.00276067 0.00000000
429156.0 4518958.0 0.00226623 0.00000000
429656.0 4518958.0 0.00203274 0.00000000
430156.0 4518958.0 0.00221129 0.00000000
430656.0 4518958.0 0.00256839 0.00000000
431156.0 4518958.0 0.00251345 0.00000000
431656.0 4518958.0 0.00195033 0.00000000
432156.0 4518958.0 0.00128145 0.00000000
432656.0 4518958.0 0.00067300 0.00000000
433156.0 4518958.0 0.00000000 0.00000000
433656.0 4518958.0 0.00000000 0.00000000
434156.0 4518958.0 0.00000000 0.00000000
420656.0 4519458.0 0.00160696 0.00000000
421156.0 4519458.0 0.00237610 0.00000000
421656.0 4519458.0 0.00309031 0.00000000
422156.0 4519458.0 0.00302163 0.00000000
422656.0 4519458.0 0.00237610 0.00000000
423156.0 4519458.0 0.00196406 0.00000000
423656.0 4519458.0 0.00184045 0.00000000
424156.0 4519458.0 0.00182671 0.00000000
424656.0 4519458.0 0.00188165 0.00000000
425156.0 4519458.0 0.00215635 0.00000000
425656.0 4519458.0 0.00255465 0.00000000
426156.0 4519458.0 0.00260959 0.00000000
426656.0 4519458.0 0.00252718 0.00000000
427156.0 4519458.0 0.00300790 0.00000000
427656.0 4519458.0 0.00366716 0.00000000
428156.0 4519458.0 0.00366716 0.00000000
428656.0 4519458.0 0.00322765 0.00000000
429156.0 4519458.0 0.00273320 0.00000000
429656.0 4519458.0 0.00248598 0.00000000
430156.0 4519458.0 0.00251345 0.00000000
430656.0 4519458.0 0.00252718 0.00000000
431156.0 4519458.0 0.00226623 0.00000000
431656.0 4519458.0 0.00178551 0.00000000
432156.0 4519458.0 0.00126222 0.00000000
432656.0 4519458.0 0.00079112 0.00000000
433156.0 4519458.0 0.00044912 0.00000000
433656.0 4519458.0 0.00000000 0.00000000
434156.0 4519458.0 0.00000000 0.00000000
420656.0 4519958.0 0.00190912 0.00000000
421156.0 4519958.0 0.00277441 0.00000000
421656.0 4519958.0 0.00337874 0.00000000
422156.0 4519958.0 0.00317272 0.00000000
422656.0 4519958.0 0.00255465 0.00000000
423156.0 4519958.0 0.00218382 0.00000000
423656.0 4519958.0 0.00197780 0.00000000
424156.0 4519958.0 0.00184045 0.00000000
424656.0 4519958.0 0.00184045 0.00000000
425156.0 4519958.0 0.00196406 0.00000000
425656.0 4519958.0 0.00215635 0.00000000
426156.0 4519958.0 0.00226623 0.00000000
426656.0 4519958.0 0.00252718 0.00000000
427156.0 4519958.0 0.00324139 0.00000000
427656.0 4519958.0 0.00377704 0.00000000
428156.0 4519958.0 0.00376331 0.00000000
428656.0 4519958.0 0.00352982 0.00000000
429156.0 4519958.0 0.00333753 0.00000000
429656.0 4519958.0 0.00331006 0.00000000
430156.0 4519958.0 0.00322765 0.00000000
430656.0 4519958.0 0.00284308 0.00000000
431156.0 4519958.0 0.00218382 0.00000000
431656.0 4519958.0 0.00164816 0.00000000
432156.0 4519958.0 0.00131990 0.00000000
432656.0 4519958.0 0.00099989 0.00000000
433156.0 4519958.0 0.00067575 0.00000000
433656.0 4519958.0 0.00040380 0.00000000
434156.0 4519958.0 0.00000000 0.00000000
420656.0 4520458.0 0.00221129 0.00000000
421156.0 4520458.0 0.00307657 0.00000000
421656.0 4520458.0 0.00362596 0.00000000
422156.0 4520458.0 0.00344741 0.00000000
422656.0 4520458.0 0.00300790 0.00000000
423156.0 4520458.0 0.00271947 0.00000000
423656.0 4520458.0 0.00227996 0.00000000
424156.0 4520458.0 0.00192286 0.00000000
424656.0 4520458.0 0.00184045 0.00000000
425156.0 4520458.0 0.00185418 0.00000000
425656.0 4520458.0 0.00192286 0.00000000
426156.0 4520458.0 0.00203274 0.00000000
426656.0 4520458.0 0.00238984 0.00000000
427156.0 4520458.0 0.00304910 0.00000000
427656.0 4520458.0 0.00362596 0.00000000
428156.0 4520458.0 0.00381825 0.00000000
428656.0 4520458.0 0.00377704 0.00000000
429156.0 4520458.0 0.00380451 0.00000000
429656.0 4520458.0 0.00403800 0.00000000
430156.0 4520458.0 0.00406547 0.00000000
430656.0 4520458.0 0.00340621 0.00000000
431156.0 4520458.0 0.00230743 0.00000000
431656.0 4520458.0 0.00156576 0.00000000
432156.0 4520458.0 0.00138720 0.00000000
432656.0 4520458.0 0.00126634 0.00000000
433156.0 4520458.0 0.00094357 0.00000000
433656.0 4520458.0 0.00057136 0.00000000
434156.0 4520458.0 0.00000000 0.00000000
420656.0 4520958.0 0.00222502 0.00000000
421156.0 4520958.0 0.00307657 0.00000000
421656.0 4520958.0 0.00366716 0.00000000
422156.0 4520958.0 0.00370837 0.00000000
422656.0 4520958.0 0.00350235 0.00000000
423156.0 4520958.0 0.00321392 0.00000000
423656.0 4520958.0 0.00262333 0.00000000
424156.0 4520958.0 0.00211514 0.00000000
424656.0 4520958.0 0.00193659 0.00000000
425156.0 4520958.0 0.00192286 0.00000000
425656.0 4520958.0 0.00201900 0.00000000
426156.0 4520958.0 0.00223876 0.00000000
426656.0 4520958.0 0.00247225 0.00000000
427156.0 4520958.0 0.00289802 0.00000000
427656.0 4520958.0 0.00362596 0.00000000
428156.0 4520958.0 0.00413414 0.00000000
428656.0 4520958.0 0.00412041 0.00000000
429156.0 4520958.0 0.00405174 0.00000000
429656.0 4520958.0 0.00435390 0.00000000
430156.0 4520958.0 0.00451872 0.00000000
430656.0 4520958.0 0.00385945 0.00000000
431156.0 4520958.0 0.00266453 0.00000000
431656.0 4520958.0 0.00181298 0.00000000
432156.0 4520958.0 0.00160696 0.00000000
432656.0 4520958.0 0.00152455 0.00000000
433156.0 4520958.0 0.00115097 0.00000000
433656.0 4520958.0 0.00069772 0.00000000
434156.0 4520958.0 0.00000000 0.00000000
420656.0 4521458.0 0.00203274 0.00000000
421156.0 4521458.0 0.00287055 0.00000000
421656.0 4521458.0 0.00354355 0.00000000
422156.0 4521458.0 0.00377704 0.00000000
422656.0 4521458.0 0.00362596 0.00000000
423156.0 4521458.0 0.00324139 0.00000000
423656.0 4521458.0 0.00277441 0.00000000
424156.0 4521458.0 0.00245851 0.00000000
424656.0 4521458.0 0.00234863 0.00000000
425156.0 4521458.0 0.00227996 0.00000000
425656.0 4521458.0 0.00240357 0.00000000
426156.0 4521458.0 0.00276067 0.00000000
426656.0 4521458.0 0.00293923 0.00000000
427156.0 4521458.0 0.00322765 0.00000000
427656.0 4521458.0 0.00402427 0.00000000
428156.0 4521458.0 0.00465606 0.00000000
428656.0 4521458.0 0.00455992 0.00000000
429156.0 4521458.0 0.00420282 0.00000000
429656.0 4521458.0 0.00417535 0.00000000
430156.0 4521458.0 0.00418908 0.00000000
430656.0 4521458.0 0.00381825 0.00000000
431156.0 4521458.0 0.00309031 0.00000000
431656.0 4521458.0 0.00248598 0.00000000
432156.0 4521458.0 0.00221129 0.00000000
432656.0 4521458.0 0.00186792 0.00000000
433156.0 4521458.0 0.00124299 0.00000000
433656.0 4521458.0 0.00074305 0.00000000
434156.0 4521458.0 0.00051780 0.00000000
420656.0 4521958.0 0.00000000 0.00000000
421156.0 4521958.0 0.00223876 0.00000000
421656.0 4521958.0 0.00306284 0.00000000
422156.0 4521958.0 0.00350235 0.00000000
422656.0 4521958.0 0.00341994 0.00000000
423156.0 4521958.0 0.00302163 0.00000000
423656.0 4521958.0 0.00278814 0.00000000
424156.0 4521958.0 0.00288429 0.00000000
424656.0 4521958.0 0.00296669 0.00000000
425156.0 4521958.0 0.00278814 0.00000000
425656.0 4521958.0 0.00267827 0.00000000
426156.0 4521958.0 0.00293923 0.00000000
426656.0 4521958.0 0.00318645 0.00000000
427156.0 4521958.0 0.00361223 0.00000000
427656.0 4521958.0 0.00436763 0.00000000
428156.0 4521958.0 0.00479341 0.00000000
428656.0 4521958.0 0.00458739 0.00000000
429156.0 4521958.0 0.00403800 0.00000000
429656.0 4521958.0 0.00357102 0.00000000
430156.0 4521958.0 0.00325512 0.00000000
430656.0 4521958.0 0.00309031 0.00000000
431156.0 4521958.0 0.00291176 0.00000000
431656.0 4521958.0 0.00278814 0.00000000
432156.0 4521958.0 0.00270574 0.00000000
432656.0 4521958.0 0.00222502 0.00000000
433156.0 4521958.0 0.00137347 0.00000000
433656.0 4521958.0 0.00076777 0.00000000
434156.0 4521958.0 0.00051917 0.00000000
420656.0 4522458.0 0.00000000 0.00000000
421156.0 4522458.0 0.00000000 0.00000000
421656.0 4522458.0 0.00212888 0.00000000
422156.0 4522458.0 0.00293923 0.00000000
422656.0 4522458.0 0.00318645 0.00000000
423156.0 4522458.0 0.00298043 0.00000000
423656.0 4522458.0 0.00288429 0.00000000
424156.0 4522458.0 0.00314525 0.00000000
424656.0 4522458.0 0.00332380 0.00000000
425156.0 4522458.0 0.00303537 0.00000000
425656.0 4522458.0 0.00258212 0.00000000
426156.0 4522458.0 0.00252718 0.00000000
426656.0 4522458.0 0.00288429 0.00000000
427156.0 4522458.0 0.00352982 0.00000000
427656.0 4522458.0 0.00405174 0.00000000
428156.0 4522458.0 0.00405174 0.00000000
428656.0 4522458.0 0.00377704 0.00000000
429156.0 4522458.0 0.00329633 0.00000000
429656.0 4522458.0 0.00258212 0.00000000
430156.0 4522458.0 0.00192286 0.00000000
430656.0 4522458.0 0.00170310 0.00000000
431156.0 4522458.0 0.00184045 0.00000000
431656.0 4522458.0 0.00218382 0.00000000
432156.0 4522458.0 0.00251345 0.00000000
432656.0 4522458.0 0.00225249 0.00000000
433156.0 4522458.0 0.00142841 0.00000000
433656.0 4522458.0 0.00074030 0.00000000
434156.0 4522458.0 0.00000000 0.00000000
420656.0 4522958.0 0.00000000 0.00000000
421156.0 4522958.0 0.00000000 0.00000000
421656.0 4522958.0 0.00000000 0.00000000
422156.0 4522958.0 0.00197780 0.00000000
422656.0 4522958.0 0.00243104 0.00000000
423156.0 4522958.0 0.00255465 0.00000000
423656.0 4522958.0 0.00267827 0.00000000
424156.0 4522958.0 0.00298043 0.00000000
424656.0 4522958.0 0.00322765 0.00000000
425156.0 4522958.0 0.00299416 0.00000000
425656.0 4522958.0 0.00247225 0.00000000
426156.0 4522958.0 0.00233490 0.00000000
426656.0 4522958.0 0.00280188 0.00000000
427156.0 4522958.0 0.00351608 0.00000000
427656.0 4522958.0 0.00369463 0.00000000
428156.0 4522958.0 0.00322765 0.00000000
428656.0 4522958.0 0.00269200 0.00000000
429156.0 4522958.0 0.00218382 0.00000000
429656.0 4522958.0 0.00144214 0.00000000
430156.0 4522958.0 0.00000000 0.00000000
430656.0 4522958.0 0.00000000 0.00000000
431156.0 4522958.0 0.00000000 0.00000000
431656.0 4522958.0 0.00118256 0.00000000
432156.0 4522958.0 0.00168937 0.00000000
432656.0 4522958.0 0.00166190 0.00000000
433156.0 4522958.0 0.00108779 0.00000000
433656.0 4522958.0 0.00054115 0.00000000
434156.0 4522958.0 0.00000000 0.00000000
420656.0 4523458.0 0.00000000 0.00000000
421156.0 4523458.0 0.00000000 0.00000000
421656.0 4523458.0 0.00000000 0.00000000
422156.0 4523458.0 0.00000000 0.00000000
422656.0 4523458.0 0.00000000 0.00000000
423156.0 4523458.0 0.00141467 0.00000000
423656.0 4523458.0 0.00177178 0.00000000
424156.0 4523458.0 0.00219755 0.00000000
424656.0 4523458.0 0.00262333 0.00000000
425156.0 4523458.0 0.00271947 0.00000000
425656.0 4523458.0 0.00255465 0.00000000
426156.0 4523458.0 0.00262333 0.00000000
426656.0 4523458.0 0.00311778 0.00000000
427156.0 4523458.0 0.00358476 0.00000000
427656.0 4523458.0 0.00348861 0.00000000
428156.0 4523458.0 0.00278814 0.00000000
428656.0 4523458.0 0.00188165 0.00000000
429156.0 4523458.0 0.00115921 0.00000000
429656.0 4523458.0 0.00000000 0.00000000
430156.0 4523458.0 0.00000000 0.00000000
430656.0 4523458.0 0.00000000 0.00000000
431156.0 4523458.0 0.00000000 0.00000000
431656.0 4523458.0 0.00000000 0.00000000
432156.0 4523458.0 0.00075816 0.00000000
432656.0 4523458.0 0.00080348 0.00000000
433156.0 4523458.0 0.00054664 0.00000000
433656.0 4523458.0 0.00000000 0.00000000
434156.0 4523458.0 0.00000000 0.00000000
420656.0 4523958.0 0.00000000 0.00000000
421156.0 4523958.0 0.00000000 0.00000000
421656.0 4523958.0 0.00000000 0.00000000
422156.0 4523958.0 0.00000000 0.00000000
422656.0 4523958.0 0.00000000 0.00000000
423156.0 4523958.0 0.00000000 0.00000000
423656.0 4523958.0 0.00077601 0.00000000
424156.0 4523958.0 0.00114822 0.00000000
424656.0 4523958.0 0.00162069 0.00000000
425156.0 4523958.0 0.00207394 0.00000000
425656.0 4523958.0 0.00248598 0.00000000
426156.0 4523958.0 0.00281561 0.00000000
426656.0 4523958.0 0.00304910 0.00000000
427156.0 4523958.0 0.00309031 0.00000000
427656.0 4523958.0 0.00280188 0.00000000
428156.0 4523958.0 0.00217008 0.00000000
428656.0 4523958.0 0.00128831 0.00000000
429156.0 4523958.0 0.00000000 0.00000000
429656.0 4523958.0 0.00000000 0.00000000
430156.0 4523958.0 0.00000000 0.00000000
430656.0 4523958.0 0.00000000 0.00000000
431156.0 4523958.0 0.00000000 0.00000000
431656.0 4523958.0 0.00000000 0.00000000
432156.0 4523958.0 0.00000000 0.00000000
432656.0 4523958.0 0.00000000 0.00000000
433156.0 4523958.0 0.00000000 0.00000000
433656.0 4523958.0 0.00000000 0.00000000
434156.0 4523958.0 0.00000000 0.00000000
420656.0 4524458.0 0.00000000 0.00000000
421156.0 4524458.0 0.00000000 0.00000000
421656.0 4524458.0 0.00000000 0.00000000
422156.0 4524458.0 0.00000000 0.00000000
422656.0 4524458.0 0.00000000 0.00000000
423156.0 4524458.0 0.00000000 0.00000000
423656.0 4524458.0 0.00000000 0.00000000
424156.0 4524458.0 0.00000000 0.00000000
424656.0 4524458.0 0.00000000 0.00000000
425156.0 4524458.0 0.00120865 0.00000000
425656.0 4524458.0 0.00184045 0.00000000
426156.0 4524458.0 0.00223876 0.00000000
426656.0 4524458.0 0.00223876 0.00000000
427156.0 4524458.0 0.00199153 0.00000000
427656.0 4524458.0 0.00160696 0.00000000
428156.0 4524458.0 0.00116058 0.00000000
428656.0 4524458.0 0.00000000 0.00000000
429156.0 4524458.0 0.00000000 0.00000000
429656.0 4524458.0 0.00000000 0.00000000
430156.0 4524458.0 0.00000000 0.00000000
430656.0 4524458.0 0.00000000 0.00000000
431156.0 4524458.0 0.00000000 0.00000000
431656.0 4524458.0 0.00000000 0.00000000
432156.0 4524458.0 0.00000000 0.00000000
432656.0 4524458.0 0.00000000 0.00000000
433156.0 4524458.0 0.00000000 0.00000000
433656.0 4524458.0 0.00000000 0.00000000
434156.0 4524458.0 0.00000000 0.00000000
420656.0 4524958.0 0.00000000 0.00000000
421156.0 4524958.0 0.00000000 0.00000000
421656.0 4524958.0 0.00000000 0.00000000
422156.0 4524958.0 0.00000000 0.00000000
422656.0 4524958.0 0.00000000 0.00000000
423156.0 4524958.0 0.00000000 0.00000000
423656.0 4524958.0 0.00000000 0.00000000
424156.0 4524958.0 0.00000000 0.00000000
424656.0 4524958.0 0.00000000 0.00000000
425156.0 4524958.0 0.00000000 0.00000000
425656.0 4524958.0 0.00000000 0.00000000
426156.0 4524958.0 0.00000000 0.00000000
426656.0 4524958.0 0.00000000 0.00000000
427156.0 4524958.0 0.00000000 0.00000000
427656.0 4524958.0 0.00000000 0.00000000
428156.0 4524958.0 0.00000000 0.00000000
428656.0 4524958.0 0.00000000 0.00000000
429156.0 4524958.0 0.00000000 0.00000000
429656.0 4524958.0 0.00000000 0.00000000
430156.0 4524958.0 0.00000000 0.00000000
430656.0 4524958.0 0.00000000 0.00000000
431156.0 4524958.0 0.00000000 0.00000000
431656.0 4524958.0 0.00000000 0.00000000
432156.0 4524958.0 0.00000000 0.00000000
432656.0 4524958.0 0.00000000 0.00000000
433156.0 4524958.0 0.00000000 0.00000000
433656.0 4524958.0 0.00000000 0.00000000
434156.0 4524958.0 0.00000000 0.00000000
